-21
-20
-21
-20
-20
-20
-21
-21
-21
-20
-20
-20
-21
-21
-20
-20
-21
-21
-21
-21
-19
-21
-20
-20
-21
-19
-20
-20
-20
-20
-20
-20
-20
-20
-20
-18
-20
-21
-20
-18
-20
-21
-21
-19
-19
-21
-21
-18
-15
-19
-19
-17
-21
-20
-21
-20
-18
-21
-18
-21
-19
-20
-19
-18
-18
-19
-20
-19
-21
-17
-18
-21
-17
-21
-17
-18
-19
-21
-19
-21
-18
-16
-17
-21
-18
-20
-16
-19
-18
-15
-14
-19
-19
-17
-16
-19
-17
-19
-18
-18
-20
-16
-18
-19
-15
-19
-21
-17
-18
-19
-16
-17
-18
-18
-16
-14
-18
-16
-18
-15
-16
-20
-15
-15
-11
-14
-19
-17
-16
-15
-19
-18
-13
-18
-17
-17
-13
-17
-13
-19
-16
-17
-17
-21
-15
-17
-17
-8
-15
-16
-14
-18
-15
-14
-17
-12
-16
-14
-13
-14
-14
-12
-12
-14
-16
-11
-9
-11
-14
-12
-12
-7
-10
-8
-12
-11
-7
-10
-10
-7
-4
-5
-16
2
-10
-4
-7
-14
-10
-7
-3
-12
-7
-7
7
-8
-12
-5
-2
-6
-10
-14
-4
-9
-8
-3
-4
-1
-7
-10
-13
-9
2
-1
-6
-4
-10
-4
-11
-12
-7
5
-5
1
-6
-15
-1
-1
-8
-8
-7
-4
-3
-2
-8
-1
3
1
-5
3
2
-12
-6
-11
-14
-12
9
2
-7
-10
2
10
8
-9
-7
-15
6
3
-2
-1
-8
-8
6
-2
5
2
-1
2
3
-7
5
1
1
4
2
3
-6
-1
-6
5
5
6
11
-2
1
4
-5
-7
-8
5
2
12
-2
10
-1
9
-8
-7
-10
4
2
10
-5
2
8
7
1
5
11
5
6
9
10
7
3
5
5
8
4
5
8
10
7
7
-7
-2
4
-6
-7
-7
12
6
10
11
5
6
12
3
5
-6
15
9
3
4
3
8
13
6
17
10
5
12
4
-3
8
11
8
13
6
5
10
12
11
6
11
5
8
9
12
4
11
12
-1
4
-4
8
8
-4
2
-8
8
6
3
13
7
-6
16
3
2
11
-2
15
-8
15
15
3
13
-3
-15
12
6
5
12
17
-7
-3
-3
4
10
4
-4
3
12
14
16
8
11
13
6
2
11
13
12
11
11
10
13
7
7
14
10
10
9
4
-5
9
-11
10
9
8
-1
-1
-1
9
15
8
14
6
2
6
10
15
9
4
6
14
12
18
18
11
10
4
11
10
6
3
10
6
17
12
5
10
13
5
